000400
035000
004602
020400
102040
005300
025000
405000
030060
070050
000400
035000
004602
020400
102040
005300
025000
405000
030060
000400
035000
004602
020400
102040
005300
025000
405000
030060
000400
035000
004602
020400
102040
005300
025000
405000
030060
000400
035000
004602
020400
102040
005300
025000
405000
030060
000400
035000
004602
020400
102040
005300
025000
405000
030060
000400
035000
004602
020400
102040
005300
025000
405000
030060
000400
035000
004602
020400
102040
005300
025000
405000
030060
000400
035000
004602
020400
102040
005300
025000
405000
030060
000400
035000
004602
020400
102040
005300
025000
405000
030060
000400
035000
004602
020400
102040
005300
025000
405000
030260
000400
035000
004602
020400
102040
005300
025000
405000
030060
